At iteration 1
5.000000  1.000000  0.000000  
1.000000  4.000000  2.000000  
0.000000  2.000000  4.000000  


At iteration 2
5.000000  1.000000  0.000000  
1.000000  4.000000  2.000000  
0.000000  2.000000  4.000000  


At iteration 3
5.000000  1.000000  0.000000  
1.000000  4.000000  2.000000  
0.000000  2.000000  4.000000  


L matrix is 
5.000000  0.000000  0.000000  
1.000000  3.800000  0.000000  
0.000000  2.000000  2.947368  


U matrix is 
1.000000  0.200000  0.000000  
0.000000  1.000000  0.526316  
0.000000  0.000000  1.000000  
